[1] "------------------------------------------------------------------------------"
[1] "0)---- Description --: "
[1] "Figure 3: Encoding model, Time Series Stats"
[1] "------------------------------------------------------------------------------"
[1] "1)---- LME:"
Linear mixed model fit by REML. t-tests use Satterthwaite's method ['lmerModLmerTest']
Formula: "beta ~ eventType * timeShift + (1|subject)"
   Data: df

REML criterion at convergence: 18572.6

Scaled residuals: 
    Min      1Q  Median      3Q     Max 
-2.7068 -0.5981  0.0535  0.6103  3.5782 

Random effects:
 Groups   Name        Variance Std.Dev.
 subject  (Intercept) 0.3542   0.5951  
 Residual             0.6855   0.8279  
Number of obs: 7680, groups:  subject, 8

Fixed effects:
                                 Estimate Std. Error         df t value Pr(>|t|)    
(Intercept)                    -4.792e-01  3.605e-01  5.984e+01  -1.329 0.188772    
eventTypePEcue                  3.649e-01  4.140e-01  6.713e+03   0.881 0.378153    
timeShift-1.975                -7.614e-02  4.140e-01  6.713e+03  -0.184 0.854077    
timeShift-1.95                 -7.588e-02  4.140e-01  6.713e+03  -0.183 0.854578    
timeShift-1.925                -8.178e-02  4.140e-01  6.713e+03  -0.198 0.843404    
timeShift-1.9                  -8.854e-02  4.140e-01  6.713e+03  -0.214 0.830648    
timeShift-1.875                -9.346e-02  4.140e-01  6.713e+03  -0.226 0.821385    
timeShift-1.85                 -9.552e-02  4.140e-01  6.713e+03  -0.231 0.817530    
timeShift-1.825                -9.403e-02  4.140e-01  6.713e+03  -0.227 0.820316    
timeShift-1.8                  -8.530e-02  4.140e-01  6.713e+03  -0.206 0.836764    
timeShift-1.775                -7.751e-02  4.140e-01  6.713e+03  -0.187 0.851489    
timeShift-1.75                 -6.577e-02  4.140e-01  6.713e+03  -0.159 0.873766    
timeShift-1.725                -5.056e-02  4.140e-01  6.713e+03  -0.122 0.902799    
timeShift-1.7                  -3.694e-02  4.140e-01  6.713e+03  -0.089 0.928891    
timeShift-1.675                -2.661e-02  4.140e-01  6.713e+03  -0.064 0.948751    
timeShift-1.65                 -1.741e-02  4.140e-01  6.713e+03  -0.042 0.966463    
timeShift-1.625                -1.028e-02  4.140e-01  6.713e+03  -0.025 0.980191    
timeShift-1.6                  -8.094e-03  4.140e-01  6.713e+03  -0.020 0.984401    
timeShift-1.575                -1.393e-02  4.140e-01  6.713e+03  -0.034 0.973154    
timeShift-1.55                 -2.316e-02  4.140e-01  6.713e+03  -0.056 0.955388    
timeShift-1.525                -3.653e-02  4.140e-01  6.713e+03  -0.088 0.929692    
timeShift-1.5                  -4.659e-02  4.140e-01  6.713e+03  -0.113 0.910389    
timeShift-1.475                -5.455e-02  4.140e-01  6.713e+03  -0.132 0.895174    
timeShift-1.45                 -5.636e-02  4.140e-01  6.713e+03  -0.136 0.891705    
timeShift-1.425                -4.909e-02  4.140e-01  6.713e+03  -0.119 0.905611    
timeShift-1.4                  -3.156e-02  4.140e-01  6.713e+03  -0.076 0.939233    
timeShift-1.375                -1.814e-02  4.140e-01  6.713e+03  -0.044 0.965052    
timeShift-1.35                 -9.013e-03  4.140e-01  6.713e+03  -0.022 0.982630    
timeShift-1.325                -1.184e-02  4.140e-01  6.713e+03  -0.029 0.977187    
timeShift-1.3                  -1.597e-02  4.140e-01  6.713e+03  -0.039 0.969230    
timeShift-1.275                -2.138e-02  4.140e-01  6.713e+03  -0.052 0.958811    
timeShift-1.25                 -3.115e-02  4.140e-01  6.713e+03  -0.075 0.940021    
timeShift-1.225                -4.232e-02  4.140e-01  6.713e+03  -0.102 0.918577    
timeShift-1.2                  -5.136e-02  4.140e-01  6.713e+03  -0.124 0.901257    
timeShift-1.175                -6.526e-02  4.140e-01  6.713e+03  -0.158 0.874742    
timeShift-1.15                 -7.717e-02  4.140e-01  6.713e+03  -0.186 0.852119    
timeShift-1.125                -8.539e-02  4.140e-01  6.713e+03  -0.206 0.836579    
timeShift-1.1                  -8.925e-02  4.140e-01  6.713e+03  -0.216 0.829318    
timeShift-1.075                -9.555e-02  4.140e-01  6.713e+03  -0.231 0.817461    
timeShift-1.05                 -9.893e-02  4.140e-01  6.713e+03  -0.239 0.811122    
timeShift-1.025                -1.037e-01  4.140e-01  6.713e+03  -0.251 0.802206    
timeShift-1                    -1.098e-01  4.140e-01  6.713e+03  -0.265 0.790784    
timeShift-0.975                -1.147e-01  4.140e-01  6.713e+03  -0.277 0.781748    
timeShift-0.95                 -1.221e-01  4.140e-01  6.713e+03  -0.295 0.768056    
timeShift-0.925                -1.250e-01  4.140e-01  6.713e+03  -0.302 0.762772    
timeShift-0.9                  -1.232e-01  4.140e-01  6.713e+03  -0.298 0.765959    
timeShift-0.875                -1.148e-01  4.140e-01  6.713e+03  -0.277 0.781499    
timeShift-0.85                 -1.015e-01  4.140e-01  6.713e+03  -0.245 0.806285    
timeShift-0.825                -9.419e-02  4.140e-01  6.713e+03  -0.228 0.820027    
timeShift-0.8                  -8.247e-02  4.140e-01  6.713e+03  -0.199 0.842092    
timeShift-0.775                -7.123e-02  4.140e-01  6.713e+03  -0.172 0.863382    
timeShift-0.75                 -6.132e-02  4.140e-01  6.713e+03  -0.148 0.882243    
timeShift-0.725                -5.125e-02  4.140e-01  6.713e+03  -0.124 0.901474    
timeShift-0.7                  -4.100e-02  4.140e-01  6.713e+03  -0.099 0.921117    
timeShift-0.675                -3.520e-02  4.140e-01  6.713e+03  -0.085 0.932242    
timeShift-0.65                 -2.889e-02  4.140e-01  6.713e+03  -0.070 0.944366    
timeShift-0.625                -3.037e-02  4.140e-01  6.713e+03  -0.073 0.941512    
timeShift-0.6                  -3.068e-02  4.140e-01  6.713e+03  -0.074 0.940925    
timeShift-0.575                -2.885e-02  4.140e-01  6.713e+03  -0.070 0.944444    
timeShift-0.55                 -2.325e-02  4.140e-01  6.713e+03  -0.056 0.955213    
timeShift-0.525                -1.613e-02  4.140e-01  6.713e+03  -0.039 0.968923    
timeShift-0.5                  -1.124e-02  4.140e-01  6.713e+03  -0.027 0.978330    
timeShift-0.475                -7.177e-03  4.140e-01  6.713e+03  -0.017 0.986169    
timeShift-0.45                  1.331e-03  4.140e-01  6.713e+03   0.003 0.997434    
timeShift-0.425                 1.019e-02  4.140e-01  6.713e+03   0.025 0.980359    
timeShift-0.4                   1.944e-02  4.140e-01  6.713e+03   0.047 0.962544    
timeShift-0.375                 2.508e-02  4.140e-01  6.713e+03   0.061 0.951697    
timeShift-0.35                  2.215e-02  4.140e-01  6.713e+03   0.054 0.957332    
timeShift-0.325                 1.608e-02  4.140e-01  6.713e+03   0.039 0.969015    
timeShift-0.3                   4.939e-03  4.140e-01  6.713e+03   0.012 0.990481    
timeShift-0.275                -6.471e-03  4.140e-01  6.713e+03  -0.016 0.987528    
timeShift-0.25                 -1.656e-02  4.140e-01  6.713e+03  -0.040 0.968085    
timeShift-0.225                -2.786e-02  4.140e-01  6.713e+03  -0.067 0.946341    
timeShift-0.2                  -3.633e-02  4.140e-01  6.713e+03  -0.088 0.930062    
timeShift-0.175                -3.635e-02  4.140e-01  6.713e+03  -0.088 0.930040    
timeShift-0.15                 -3.419e-02  4.140e-01  6.713e+03  -0.083 0.934175    
timeShift-0.125                -2.636e-02  4.140e-01  6.713e+03  -0.064 0.949221    
timeShift-0.1                  -1.404e-02  4.140e-01  6.713e+03  -0.034 0.972951    
timeShift-0.075                 2.112e-03  4.140e-01  6.713e+03   0.005 0.995930    
timeShift-0.05                  2.128e-02  4.140e-01  6.713e+03   0.051 0.959002    
timeShift-0.025                 3.474e-02  4.140e-01  6.713e+03   0.084 0.933129    
timeShift0                      4.611e-02  4.140e-01  6.713e+03   0.111 0.911313    
timeShift0.025                  5.475e-02  4.140e-01  6.713e+03   0.132 0.894794    
timeShift0.05                   6.084e-02  4.140e-01  6.713e+03   0.147 0.883155    
timeShift0.075                  7.081e-02  4.140e-01  6.713e+03   0.171 0.864185    
timeShift0.1                    8.178e-02  4.140e-01  6.713e+03   0.198 0.843406    
timeShift0.125                  9.027e-02  4.140e-01  6.713e+03   0.218 0.827396    
timeShift0.15                   9.522e-02  4.140e-01  6.713e+03   0.230 0.818094    
timeShift0.175                  9.315e-02  4.140e-01  6.713e+03   0.225 0.821974    
timeShift0.2                    8.851e-02  4.140e-01  6.713e+03   0.214 0.830711    
timeShift0.225                  8.381e-02  4.140e-01  6.713e+03   0.202 0.839558    
timeShift0.25                   8.203e-02  4.140e-01  6.713e+03   0.198 0.842936    
timeShift0.275                  8.521e-02  4.140e-01  6.713e+03   0.206 0.836916    
timeShift0.3                    9.312e-02  4.140e-01  6.713e+03   0.225 0.822027    
timeShift0.325                  1.206e-01  4.140e-01  6.713e+03   0.291 0.770881    
timeShift0.35                   1.648e-01  4.140e-01  6.713e+03   0.398 0.690534    
timeShift0.375                  2.255e-01  4.140e-01  6.713e+03   0.545 0.585915    
timeShift0.4                    2.964e-01  4.140e-01  6.713e+03   0.716 0.473986    
timeShift0.425                  3.747e-01  4.140e-01  6.713e+03   0.905 0.365461    
timeShift0.45                   4.517e-01  4.140e-01  6.713e+03   1.091 0.275277    
timeShift0.475                  5.269e-01  4.140e-01  6.713e+03   1.273 0.203125    
timeShift0.5                    5.884e-01  4.140e-01  6.713e+03   1.421 0.155260    
timeShift0.525                  6.412e-01  4.140e-01  6.713e+03   1.549 0.121472    
timeShift0.55                   6.862e-01  4.140e-01  6.713e+03   1.658 0.097464 .  
timeShift0.575                  7.276e-01  4.140e-01  6.713e+03   1.758 0.078869 .  
timeShift0.6                    7.725e-01  4.140e-01  6.713e+03   1.866 0.062077 .  
timeShift0.625                  8.217e-01  4.140e-01  6.713e+03   1.985 0.047186 *  
timeShift0.65                   8.796e-01  4.140e-01  6.713e+03   2.125 0.033644 *  
timeShift0.675                  9.251e-01  4.140e-01  6.713e+03   2.235 0.025473 *  
timeShift0.7                    9.757e-01  4.140e-01  6.713e+03   2.357 0.018449 *  
timeShift0.725                  1.022e+00  4.140e-01  6.713e+03   2.470 0.013545 *  
timeShift0.75                   1.070e+00  4.140e-01  6.713e+03   2.584 0.009796 ** 
timeShift0.775                  1.120e+00  4.140e-01  6.713e+03   2.705 0.006853 ** 
timeShift0.8                    1.156e+00  4.140e-01  6.713e+03   2.793 0.005244 ** 
timeShift0.825                  1.199e+00  4.140e-01  6.713e+03   2.895 0.003800 ** 
timeShift0.85                   1.234e+00  4.140e-01  6.713e+03   2.980 0.002893 ** 
timeShift0.875                  1.258e+00  4.140e-01  6.713e+03   3.039 0.002380 ** 
timeShift0.9                    1.277e+00  4.140e-01  6.713e+03   3.084 0.002049 ** 
timeShift0.925                  1.290e+00  4.140e-01  6.713e+03   3.115 0.001847 ** 
timeShift0.95                   1.299e+00  4.140e-01  6.713e+03   3.139 0.001703 ** 
timeShift0.975                  1.310e+00  4.140e-01  6.713e+03   3.163 0.001567 ** 
timeShift1                      1.321e+00  4.140e-01  6.713e+03   3.192 0.001418 ** 
timeShift1.025                  1.333e+00  4.140e-01  6.713e+03   3.220 0.001288 ** 
timeShift1.05                   1.344e+00  4.140e-01  6.713e+03   3.247 0.001174 ** 
timeShift1.075                  1.354e+00  4.140e-01  6.713e+03   3.271 0.001076 ** 
timeShift1.1                    1.362e+00  4.140e-01  6.713e+03   3.289 0.001009 ** 
timeShift1.125                  1.366e+00  4.140e-01  6.713e+03   3.301 0.000969 ***
timeShift1.15                   1.364e+00  4.140e-01  6.713e+03   3.295 0.000991 ***
timeShift1.175                  1.354e+00  4.140e-01  6.713e+03   3.271 0.001078 ** 
timeShift1.2                    1.338e+00  4.140e-01  6.713e+03   3.232 0.001235 ** 
timeShift1.225                  1.315e+00  4.140e-01  6.713e+03   3.176 0.001498 ** 
timeShift1.25                   1.290e+00  4.140e-01  6.713e+03   3.116 0.001843 ** 
timeShift1.275                  1.267e+00  4.140e-01  6.713e+03   3.060 0.002222 ** 
timeShift1.3                    1.250e+00  4.140e-01  6.713e+03   3.018 0.002551 ** 
timeShift1.325                  1.237e+00  4.140e-01  6.713e+03   2.988 0.002823 ** 
timeShift1.35                   1.229e+00  4.140e-01  6.713e+03   2.970 0.002993 ** 
timeShift1.375                  1.229e+00  4.140e-01  6.713e+03   2.969 0.003000 ** 
timeShift1.4                    1.233e+00  4.140e-01  6.713e+03   2.978 0.002914 ** 
timeShift1.425                  1.236e+00  4.140e-01  6.713e+03   2.985 0.002842 ** 
timeShift1.45                   1.237e+00  4.140e-01  6.713e+03   2.987 0.002828 ** 
timeShift1.475                  1.235e+00  4.140e-01  6.713e+03   2.985 0.002851 ** 
timeShift1.5                    1.230e+00  4.140e-01  6.713e+03   2.972 0.002967 ** 
timeShift1.525                  1.220e+00  4.140e-01  6.713e+03   2.947 0.003220 ** 
timeShift1.55                   1.196e+00  4.140e-01  6.713e+03   2.889 0.003878 ** 
timeShift1.575                  1.172e+00  4.140e-01  6.713e+03   2.832 0.004638 ** 
timeShift1.6                    1.147e+00  4.140e-01  6.713e+03   2.770 0.005623 ** 
timeShift1.625                  1.127e+00  4.140e-01  6.713e+03   2.723 0.006481 ** 
timeShift1.65                   1.113e+00  4.140e-01  6.713e+03   2.689 0.007192 ** 
timeShift1.675                  1.108e+00  4.140e-01  6.713e+03   2.675 0.007482 ** 
timeShift1.7                    1.098e+00  4.140e-01  6.713e+03   2.651 0.008037 ** 
timeShift1.725                  1.088e+00  4.140e-01  6.713e+03   2.627 0.008622 ** 
timeShift1.75                   1.067e+00  4.140e-01  6.713e+03   2.578 0.009956 ** 
timeShift1.775                  1.046e+00  4.140e-01  6.713e+03   2.528 0.011508 *  
timeShift1.8                    1.027e+00  4.140e-01  6.713e+03   2.481 0.013109 *  
timeShift1.825                  1.008e+00  4.140e-01  6.713e+03   2.436 0.014890 *  
timeShift1.85                   9.931e-01  4.140e-01  6.713e+03   2.399 0.016470 *  
timeShift1.875                  9.811e-01  4.140e-01  6.713e+03   2.370 0.017823 *  
timeShift1.9                    9.712e-01  4.140e-01  6.713e+03   2.346 0.019001 *  
timeShift1.925                  9.486e-01  4.140e-01  6.713e+03   2.292 0.021961 *  
timeShift1.95                   9.291e-01  4.140e-01  6.713e+03   2.244 0.024839 *  
timeShift1.975                  9.168e-01  4.140e-01  6.713e+03   2.215 0.026816 *  
timeShift2                      9.088e-01  4.140e-01  6.713e+03   2.195 0.028178 *  
timeShift2.025                  9.075e-01  4.140e-01  6.713e+03   2.192 0.028396 *  
timeShift2.05                   9.131e-01  4.140e-01  6.713e+03   2.206 0.027433 *  
timeShift2.075                  9.221e-01  4.140e-01  6.713e+03   2.228 0.025943 *  
timeShift2.1                    9.372e-01  4.140e-01  6.713e+03   2.264 0.023616 *  
 [ reached getOption("max.print") -- omitted 794 rows ]
---
Signif. codes:  0 ‘***’ 0.001 ‘**’ 0.01 ‘*’ 0.05 ‘.’ 0.1 ‘ ’ 1
[1] "------------------------------------------------------------------------------"
[1] "2)---- ANOVA of LME:"
Type III Analysis of Variance Table with Satterthwaite's method
                    Sum Sq Mean Sq NumDF DenDF   F value    Pr(>F)    
eventType           1267.2 1267.20     1  6713 1848.6189 < 2.2e-16 ***
timeShift           3256.7    6.80   479  6713    9.9186 < 2.2e-16 ***
eventType:timeShift  692.0    1.44   479  6713    2.1076 < 2.2e-16 ***
---
Signif. codes:  0 ‘***’ 0.001 ‘**’ 0.01 ‘*’ 0.05 ‘.’ 0.1 ‘ ’ 1
[1] "------------------------------------------------------------------------------"
[1] "3)---- Posthoc T, Only Significant time bins :"
[1] "---- END ---------------------------------------------------------------------"
